version https://git-lfs.github.com/spec/v1
oid sha256:4238010b4324cebd094786a7eb7a512efaca213a31d4942316b147de9cc2ed8a
size 1633
