version https://git-lfs.github.com/spec/v1
oid sha256:e404fbbcad1c856fa52abf464f42e0dede76b982625bf71619faa9199589ac1f
size 5252
