version https://git-lfs.github.com/spec/v1
oid sha256:cbcc03c3f62246adf33377c506fe64460bc2f6e8a988128ca3fde906e2363d8e
size 45418
