version https://git-lfs.github.com/spec/v1
oid sha256:590d877a5636db16458114d78a0471fb773733bbb7024333d4316d30571e5457
size 25631
